142 142 142 142 142 142 142 142 142 142 142 142 142 142 142 142 142 142 142 142 133 133 133 133 133 133 133 133 133 133 133 133 133 133 133 133 133 133 133 133 216 216 216 216 216 216 216 216 216 216 216 216 216 216 216 216 216 216 216 216 173 173 173 173 173 173 173 173 173 173 173 173 173 173 173 173 173 173 173 173 202 202 202 202 202 202 202 202 202 202 202 202 202 202 202 202 202 202 202 202
142 142 142 142 142 142 142 142 142 142 142 142 142 142 142 142 142 142 142 142 133 133 133 133 133 133 133 133 133 133 133 133 133 133 133 133 133 133 133 133 216 216 216 216 216 216 216 216 216 216 216 216 216 216 216 216 216 216 216 216 173 173 173 173 173 173 173 173 173 173 173 173 173 173 173 173 173 173 173 173 202 202 202 202 202 202 202 202 202 202 202 202 202 202 202 202 202 202 202 202
142 142 142 142 142 142 142 142 142 142 142 142 142 142 142 142 142 142 142 142 133 133 133 133 133 133 133 133 133 133 133 133 133 133 133 133 133 133 133 133 216 216 216 216 216 216 216 216 216 216 216 216 216 216 216 216 216 216 216 216 173 173 173 173 173 173 173 173 173 173 173 173 173 173 173 173 173 173 173 173 202 202 202 202 202 202 202 202 202 202 202 202 202 202 202 202 202 202 202 202
142 142 142 142 142 142 142 142 142 142 142 142 142 142 142 142 142 142 142 142 133 133 133 133 133 133 133 133 133 133 133 133 133 133 133 133 133 133 133 133 216 216 216 216 216 216 216 216 216 216 216 216 216 216 216 216 216 216 216 216 173 173 173 173 173 173 173 173 173 173 173 173 173 173 173 173 173 173 173 173 202 202 202 202 202 202 202 202 202 202 202 202 202 202 202 202 202 202 202 202
142 142 142 142 142 142 142 142 142 142 142 142 142 142 142 142 142 142 142 142 133 133 133 133 133 133 133 133 133 133 133 133 133 133 133 133 133 133 133 133 216 216 216 216 216 216 216 216 216 216 216 216 216 216 216 216 216 216 216 216 173 173 173 173 173 173 173 173 173 173 173 173 173 173 173 173 173 173 173 173 202 202 202 202 202 202 202 202 202 202 202 202 202 202 202 202 202 202 202 202
142 142 142 142 142 142 142 142 142 142 142 142 142 142 142 142 142 142 142 142 133 133 133 133 133 133 133 133 133 133 133 133 133 133 133 133 133 133 133 133 216 216 216 216 216 216 216 216 216 216 216 216 216 216 216 216 216 216 216 216 173 173 173 173 173 173 173 173 173 173 173 173 173 173 173 173 173 173 173 173 202 202 202 202 202 202 202 202 202 202 202 202 202 202 202 202 202 202 202 202
142 142 142 142 142 142 142 142 142 142 142 142 142 142 142 142 142 142 142 142 133 133 133 133 133 133 133 133 133 133 133 133 133 133 133 133 133 133 133 133 216 216 216 216 216 216 216 216 216 216 216 216 216 216 216 216 216 216 216 216 173 173 173 173 173 173 173 173 173 173 173 173 173 173 173 173 173 173 173 173 202 202 202 202 202 202 202 202 202 202 202 202 202 202 202 202 202 202 202 202
142 142 142 142 142 142 142 142 142 142 142 142 142 142 142 142 142 142 142 142 133 133 133 133 133 133 133 133 133 133 133 133 133 133 133 133 133 133 133 133 216 216 216 216 216 216 216 216 216 216 216 216 216 216 216 216 216 216 216 216 173 173 173 173 173 173 173 173 173 173 173 173 173 173 173 173 173 173 173 173 202 202 202 202 202 202 202 202 202 202 202 202 202 202 202 202 202 202 202 202
142 142 142 142 142 142 142 142 142 142 142 142 142 142 142 142 142 142 142 142 133 133 133 133 133 133 133 133 133 133 133 133 133 133 133 133 133 133 133 133 216 216 216 216 216 216 216 216 216 216 216 216 216 216 216 216 216 216 216 216 173 173 173 173 173 173 173 173 173 173 173 173 173 173 173 173 173 173 173 173 202 202 202 202 202 202 202 202 202 202 202 202 202 202 202 202 202 202 202 202
142 142 142 142 142 142 142 142 142 142 142 142 142 142 142 142 142 142 142 142 133 133 133 133 133 133 133 133 133 133 133 133 133 133 133 133 133 133 133 133 216 216 216 216 216 216 216 216 216 216 216 216 216 216 216 216 216 216 216 216 173 173 173 173 173 173 173 173 173 173 173 173 173 173 173 173 173 173 173 173 202 202 202 202 202 202 202 202 202 202 202 202 202 202 202 202 202 202 202 202
142 142 142 142 142 142 142 142 142 142 142 142 142 142 142 142 142 142 142 142 133 133 133 133 133 133 133 133 133 133 133 133 133 133 133 133 133 133 133 133 216 216 216 216 216 216 216 216 216 216 216 216 216 216 216 216 216 216 216 216 173 173 173 173 173 173 173 173 173 173 173 173 173 173 173 173 173 173 173 173 202 202 202 202 202 202 202 202 202 202 202 202 202 202 202 202 202 202 202 202
142 142 142 142 142 142 142 142 142 142 142 142 142 142 142 142 142 142 142 142 133 133 133 133 133 133 133 133 133 133 133 133 133 133 133 133 133 133 133 133 216 216 216 216 216 216 216 216 216 216 216 216 216 216 216 216 216 216 216 216 173 173 173 173 173 173 173 173 173 173 173 173 173 173 173 173 173 173 173 173 202 202 202 202 202 202 202 202 202 202 202 202 202 202 202 202 202 202 202 202
142 142 142 142 142 142 142 142 142 142 142 142 142 142 142 142 142 142 142 142 133 133 133 133 133 133 133 133 133 133 133 133 133 133 133 133 133 133 133 133 216 216 216 216 216 216 216 216 216 216 216 216 216 216 216 216 216 216 216 216 173 173 173 173 173 173 173 173 173 173 173 173 173 173 173 173 173 173 173 173 202 202 202 202 202 202 202 202 202 202 202 202 202 202 202 202 202 202 202 202
142 142 142 142 142 142 142 142 142 142 142 142 142 142 142 142 142 142 142 142 133 133 133 133 133 133 133 133 133 133 133 133 133 133 133 133 133 133 133 133 216 216 216 216 216 216 216 216 216 216 216 216 216 216 216 216 216 216 216 216 173 173 173 173 173 173 173 173 173 173 173 173 173 173 173 173 173 173 173 173 202 202 202 202 202 202 202 202 202 202 202 202 202 202 202 202 202 202 202 202
142 142 142 142 142 142 142 142 142 142 142 142 142 142 142 142 142 142 142 142 133 133 133 133 133 133 133 133 133 133 133 133 133 133 133 133 133 133 133 133 216 216 216 216 216 216 216 216 216 216 216 216 216 216 216 216 216 216 216 216 173 173 173 173 173 173 173 173 173 173 173 173 173 173 173 173 173 173 173 173 202 202 202 202 202 202 202 202 202 202 202 202 202 202 202 202 202 202 202 202
142 142 142 142 142 142 142 142 142 142 142 142 142 142 142 142 142 142 142 142 133 133 133 133 133 133 133 133 133 133 133 133 133 133 133 133 133 133 133 133 216 216 216 216 216 216 216 216 216 216 216 216 216 216 216 216 216 216 216 216 173 173 173 173 173 173 173 173 173 173 173 173 173 173 173 173 173 173 173 173 202 202 202 202 202 202 202 202 202 202 202 202 202 202 202 202 202 202 202 202
142 142 142 142 142 142 142 142 142 142 142 142 142 142 142 142 142 142 142 142 133 133 133 133 133 133 133 133 133 133 133 133 133 133 133 133 133 133 133 133 216 216 216 216 216 216 216 216 216 216 216 216 216 216 216 216 216 216 216 216 173 173 173 173 173 173 173 173 173 173 173 173 173 173 173 173 173 173 173 173 202 202 202 202 202 202 202 202 202 202 202 202 202 202 202 202 202 202 202 202
142 142 142 142 142 142 142 142 142 142 142 142 142 142 142 142 142 142 142 142 133 133 133 133 133 133 133 133 133 133 133 133 133 133 133 133 133 133 133 133 216 216 216 216 216 216 216 216 216 216 216 216 216 216 216 216 216 216 216 216 173 173 173 173 173 173 173 173 173 173 173 173 173 173 173 173 173 173 173 173 202 202 202 202 202 202 202 202 202 202 202 202 202 202 202 202 202 202 202 202
142 142 142 142 142 142 142 142 142 142 142 142 142 142 142 142 142 142 142 142 133 133 133 133 133 133 133 133 133 133 133 133 133 133 133 133 133 133 133 133 216 216 216 216 216 216 216 216 216 216 216 216 216 216 216 216 216 216 216 216 173 173 173 173 173 173 173 173 173 173 173 173 173 173 173 173 173 173 173 173 202 202 202 202 202 202 202 202 202 202 202 202 202 202 202 202 202 202 202 202
142 142 142 142 142 142 142 142 142 142 142 142 142 142 142 142 142 142 142 142 133 133 133 133 133 133 133 133 133 133 133 133 133 133 133 133 133 133 133 133 216 216 216 216 216 216 216 216 216 216 216 216 216 216 216 216 216 216 216 216 173 173 173 173 173 173 173 173 173 173 173 173 173 173 173 173 173 173 173 173 202 202 202 202 202 202 202 202 202 202 202 202 202 202 202 202 202 202 202 202
223 223 223 223 223 223 223 223 223 223 223 223 223 223 223 223 223 223 223 223 247 247 247 247 247 247 247 247 247 247 247 247 247 247 247 247 247 247 247 247 167 167 167 167 167 167 167 167 167 167 167 167 167 167 167 167 167 167 167 167 142 142 142 142 142 142 142 142 142 142 142 142 142 142 142 142 142 142 142 142 133 133 133 133 133 133 133 133 133 133 133 133 133 133 133 133 133 133 133 133
223 223 223 223 223 223 223 223 223 223 223 223 223 223 223 223 223 223 223 223 247 247 247 247 247 247 247 247 247 247 247 247 247 247 247 247 247 247 247 247 167 167 167 167 167 167 167 167 167 167 167 167 167 167 167 167 167 167 167 167 142 142 142 142 142 142 142 142 142 142 142 142 142 142 142 142 142 142 142 142 133 133 133 133 133 133 133 133 133 133 133 133 133 133 133 133 133 133 133 133
223 223 223 223 223 223 223 223 223 223 223 223 223 223 223 223 223 223 223 223 247 247 247 247 247 247 247 247 247 247 247 247 247 247 247 247 247 247 247 247 167 167 167 167 167 167 167 167 167 167 167 167 167 167 167 167 167 167 167 167 142 142 142 142 142 142 142 142 142 142 142 142 142 142 142 142 142 142 142 142 133 133 133 133 133 133 133 133 133 133 133 133 133 133 133 133 133 133 133 133
223 223 223 223 223 223 223 223 223 223 223 223 223 223 223 223 223 223 223 223 247 247 247 247 247 247 247 247 247 247 247 247 247 247 247 247 247 247 247 247 167 167 167 167 167 167 167 167 167 167 167 167 167 167 167 167 167 167 167 167 142 142 142 142 142 142 142 142 142 142 142 142 142 142 142 142 142 142 142 142 133 133 133 133 133 133 133 133 133 133 133 133 133 133 133 133 133 133 133 133
223 223 223 223 223 223 223 223 223 223 223 223 223 223 223 223 223 223 223 223 247 247 247 247 247 247 247 247 247 247 247 247 247 247 247 247 247 247 247 247 167 167 167 167 167 167 167 167 167 167 167 167 167 167 167 167 167 167 167 167 142 142 142 142 142 142 142 142 142 142 142 142 142 142 142 142 142 142 142 142 133 133 133 133 133 133 133 133 133 133 133 133 133 133 133 133 133 133 133 133
223 223 223 223 223 223 223 223 223 223 223 223 223 223 223 223 223 223 223 223 247 247 247 247 247 247 247 247 247 247 247 247 247 247 247 247 247 247 247 247 167 167 167 167 167 167 167 167 167 167 167 167 167 167 167 167 167 167 167 167 142 142 142 142 142 142 142 142 142 142 142 142 142 142 142 142 142 142 142 142 133 133 133 133 133 133 133 133 133 133 133 133 133 133 133 133 133 133 133 133
223 223 223 223 223 223 223 223 223 223 223 223 223 223 223 223 223 223 223 223 247 247 247 247 247 247 247 247 247 247 247 247 247 247 247 247 247 247 247 247 167 167 167 167 167 167 167 167 167 167 167 167 167 167 167 167 167 167 167 167 142 142 142 142 142 142 142 142 142 142 142 142 142 142 142 142 142 142 142 142 133 133 133 133 133 133 133 133 133 133 133 133 133 133 133 133 133 133 133 133
223 223 223 223 223 223 223 223 223 223 223 223 223 223 223 223 223 223 223 223 247 247 247 247 247 247 247 247 247 247 247 247 247 247 247 247 247 247 247 247 167 167 167 167 167 167 167 167 167 167 167 167 167 167 167 167 167 167 167 167 142 142 142 142 142 142 142 142 142 142 142 142 142 142 142 142 142 142 142 142 133 133 133 133 133 133 133 133 133 133 133 133 133 133 133 133 133 133 133 133
223 223 223 223 223 223 223 223 223 223 223 223 223 223 223 223 223 223 223 223 247 247 247 247 247 247 247 247 247 247 247 247 247 247 247 247 247 247 247 247 167 167 167 167 167 167 167 167 167 167 167 167 167 167 167 167 167 167 167 167 142 142 142 142 142 142 142 142 142 142 142 142 142 142 142 142 142 142 142 142 133 133 133 133 133 133 133 133 133 133 133 133 133 133 133 133 133 133 133 133
223 223 223 223 223 223 223 223 223 223 223 223 223 223 223 223 223 223 223 223 247 247 247 247 247 247 247 247 247 247 247 247 247 247 247 247 247 247 247 247 167 167 167 167 167 167 167 167 167 167 167 167 167 167 167 167 167 167 167 167 142 142 142 142 142 142 142 142 142 142 142 142 142 142 142 142 142 142 142 142 133 133 133 133 133 133 133 133 133 133 133 133 133 133 133 133 133 133 133 133
223 223 223 223 223 223 223 223 223 223 223 223 223 223 223 223 223 223 223 223 247 247 247 247 247 247 247 247 247 247 247 247 247 247 247 247 247 247 247 247 167 167 167 167 167 167 167 167 167 167 167 167 167 167 167 167 167 167 167 167 142 142 142 142 142 142 142 142 142 142 142 142 142 142 142 142 142 142 142 142 133 133 133 133 133 133 133 133 133 133 133 133 133 133 133 133 133 133 133 133
223 223 223 223 223 223 223 223 223 223 223 223 223 223 223 223 223 223 223 223 247 247 247 247 247 247 247 247 247 247 247 247 247 247 247 247 247 247 247 247 167 167 167 167 167 167 167 167 167 167 167 167 167 167 167 167 167 167 167 167 142 142 142 142 142 142 142 142 142 142 142 142 142 142 142 142 142 142 142 142 133 133 133 133 133 133 133 133 133 133 133 133 133 133 133 133 133 133 133 133
223 223 223 223 223 223 223 223 223 223 223 223 223 223 223 223 223 223 223 223 247 247 247 247 247 247 247 247 247 247 247 247 247 247 247 247 247 247 247 247 167 167 167 167 167 167 167 167 167 167 167 167 167 167 167 167 167 167 167 167 142 142 142 142 142 142 142 142 142 142 142 142 142 142 142 142 142 142 142 142 133 133 133 133 133 133 133 133 133 133 133 133 133 133 133 133 133 133 133 133
223 223 223 223 223 223 223 223 223 223 223 223 223 223 223 223 223 223 223 223 247 247 247 247 247 247 247 247 247 247 247 247 247 247 247 247 247 247 247 247 167 167 167 167 167 167 167 167 167 167 167 167 167 167 167 167 167 167 167 167 142 142 142 142 142 142 142 142 142 142 142 142 142 142 142 142 142 142 142 142 133 133 133 133 133 133 133 133 133 133 133 133 133 133 133 133 133 133 133 133
223 223 223 223 223 223 223 223 223 223 223 223 223 223 223 223 223 223 223 223 247 247 247 247 247 247 247 247 247 247 247 247 247 247 247 247 247 247 247 247 167 167 167 167 167 167 167 167 167 167 167 167 167 167 167 167 167 167 167 167 142 142 142 142 142 142 142 142 142 142 142 142 142 142 142 142 142 142 142 142 133 133 133 133 133 133 133 133 133 133 133 133 133 133 133 133 133 133 133 133
223 223 223 223 223 223 223 223 223 223 223 223 223 223 223 223 223 223 223 223 247 247 247 247 247 247 247 247 247 247 247 247 247 247 247 247 247 247 247 247 167 167 167 167 167 167 167 167 167 167 167 167 167 167 167 167 167 167 167 167 142 142 142 142 142 142 142 142 142 142 142 142 142 142 142 142 142 142 142 142 133 133 133 133 133 133 133 133 133 133 133 133 133 133 133 133 133 133 133 133
223 223 223 223 223 223 223 223 223 223 223 223 223 223 223 223 223 223 223 223 247 247 247 247 247 247 247 247 247 247 247 247 247 247 247 247 247 247 247 247 167 167 167 167 167 167 167 167 167 167 167 167 167 167 167 167 167 167 167 167 142 142 142 142 142 142 142 142 142 142 142 142 142 142 142 142 142 142 142 142 133 133 133 133 133 133 133 133 133 133 133 133 133 133 133 133 133 133 133 133
223 223 223 223 223 223 223 223 223 223 223 223 223 223 223 223 223 223 223 223 247 247 247 247 247 247 247 247 247 247 247 247 247 247 247 247 247 247 247 247 167 167 167 167 167 167 167 167 167 167 167 167 167 167 167 167 167 167 167 167 142 142 142 142 142 142 142 142 142 142 142 142 142 142 142 142 142 142 142 142 133 133 133 133 133 133 133 133 133 133 133 133 133 133 133 133 133 133 133 133
223 223 223 223 223 223 223 223 223 223 223 223 223 223 223 223 223 223 223 223 247 247 247 247 247 247 247 247 247 247 247 247 247 247 247 247 247 247 247 247 167 167 167 167 167 167 167 167 167 167 167 167 167 167 167 167 167 167 167 167 142 142 142 142 142 142 142 142 142 142 142 142 142 142 142 142 142 142 142 142 133 133 133 133 133 133 133 133 133 133 133 133 133 133 133 133 133 133 133 133
223 223 223 223 223 223 223 223 223 223 223 223 223 223 223 223 223 223 223 223 247 247 247 247 247 247 247 247 247 247 247 247 247 247 247 247 247 247 247 247 167 167 167 167 167 167 167 167 167 167 167 167 167 167 167 167 167 167 167 167 142 142 142 142 142 142 142 142 142 142 142 142 142 142 142 142 142 142 142 142 133 133 133 133 133 133 133 133 133 133 133 133 133 133 133 133 133 133 133 133
216 216 216 216 216 216 216 216 216 216 216 216 216 216 216 216 216 216 216 216 173 173 173 173 173 173 173 173 173 173 173 173 173 173 173 173 173 173 173 173 202 202 202 202 202 202 202 202 202 202 202 202 202 202 202 202 202 202 202 202 223 223 223 223 223 223 223 223 223 223 223 223 223 223 223 223 223 223 223 223 247 247 247 247 247 247 247 247 247 247 247 247 247 247 247 247 247 247 247 247
216 216 216 216 216 216 216 216 216 216 216 216 216 216 216 216 216 216 216 216 173 173 173 173 173 173 173 173 173 173 173 173 173 173 173 173 173 173 173 173 202 202 202 202 202 202 202 202 202 202 202 202 202 202 202 202 202 202 202 202 223 223 223 223 223 223 223 223 223 223 223 223 223 223 223 223 223 223 223 223 247 247 247 247 247 247 247 247 247 247 247 247 247 247 247 247 247 247 247 247
216 216 216 216 216 216 216 216 216 216 216 216 216 216 216 216 216 216 216 216 173 173 173 173 173 173 173 173 173 173 173 173 173 173 173 173 173 173 173 173 202 202 202 202 202 202 202 202 202 202 202 202 202 202 202 202 202 202 202 202 223 223 223 223 223 223 223 223 223 223 223 223 223 223 223 223 223 223 223 223 247 247 247 247 247 247 247 247 247 247 247 247 247 247 247 247 247 247 247 247
216 216 216 216 216 216 216 216 216 216 216 216 216 216 216 216 216 216 216 216 173 173 173 173 173 173 173 173 173 173 173 173 173 173 173 173 173 173 173 173 202 202 202 202 202 202 202 202 202 202 202 202 202 202 202 202 202 202 202 202 223 223 223 223 223 223 223 223 223 223 223 223 223 223 223 223 223 223 223 223 247 247 247 247 247 247 247 247 247 247 247 247 247 247 247 247 247 247 247 247
216 216 216 216 216 216 216 216 216 216 216 216 216 216 216 216 216 216 216 216 173 173 173 173 173 173 173 173 173 173 173 173 173 173 173 173 173 173 173 173 202 202 202 202 202 202 202 202 202 202 202 202 202 202 202 202 202 202 202 202 223 223 223 223 223 223 223 223 223 223 223 223 223 223 223 223 223 223 223 223 247 247 247 247 247 247 247 247 247 247 247 247 247 247 247 247 247 247 247 247
216 216 216 216 216 216 216 216 216 216 216 216 216 216 216 216 216 216 216 216 173 173 173 173 173 173 173 173 173 173 173 173 173 173 173 173 173 173 173 173 202 202 202 202 202 202 202 202 202 202 202 202 202 202 202 202 202 202 202 202 223 223 223 223 223 223 223 223 223 223 223 223 223 223 223 223 223 223 223 223 247 247 247 247 247 247 247 247 247 247 247 247 247 247 247 247 247 247 247 247
216 216 216 216 216 216 216 216 216 216 216 216 216 216 216 216 216 216 216 216 173 173 173 173 173 173 173 173 173 173 173 173 173 173 173 173 173 173 173 173 202 202 202 202 202 202 202 202 202 202 202 202 202 202 202 202 202 202 202 202 223 223 223 223 223 223 223 223 223 223 223 223 223 223 223 223 223 223 223 223 247 247 247 247 247 247 247 247 247 247 247 247 247 247 247 247 247 247 247 247
216 216 216 216 216 216 216 216 216 216 216 216 216 216 216 216 216 216 216 216 173 173 173 173 173 173 173 173 173 173 173 173 173 173 173 173 173 173 173 173 202 202 202 202 202 202 202 202 202 202 202 202 202 202 202 202 202 202 202 202 223 223 223 223 223 223 223 223 223 223 223 223 223 223 223 223 223 223 223 223 247 247 247 247 247 247 247 247 247 247 247 247 247 247 247 247 247 247 247 247
216 216 216 216 216 216 216 216 216 216 216 216 216 216 216 216 216 216 216 216 173 173 173 173 173 173 173 173 173 173 173 173 173 173 173 173 173 173 173 173 202 202 202 202 202 202 202 202 202 202 202 202 202 202 202 202 202 202 202 202 223 223 223 223 223 223 223 223 223 223 223 223 223 223 223 223 223 223 223 223 247 247 247 247 247 247 247 247 247 247 247 247 247 247 247 247 247 247 247 247
216 216 216 216 216 216 216 216 216 216 216 216 216 216 216 216 216 216 216 216 173 173 173 173 173 173 173 173 173 173 173 173 173 173 173 173 173 173 173 173 202 202 202 202 202 202 202 202 202 202 202 202 202 202 202 202 202 202 202 202 223 223 223 223 223 223 223 223 223 223 223 223 223 223 223 223 223 223 223 223 247 247 247 247 247 247 247 247 247 247 247 247 247 247 247 247 247 247 247 247
216 216 216 216 216 216 216 216 216 216 216 216 216 216 216 216 216 216 216 216 173 173 173 173 173 173 173 173 173 173 173 173 173 173 173 173 173 173 173 173 202 202 202 202 202 202 202 202 202 202 202 202 202 202 202 202 202 202 202 202 223 223 223 223 223 223 223 223 223 223 223 223 223 223 223 223 223 223 223 223 247 247 247 247 247 247 247 247 247 247 247 247 247 247 247 247 247 247 247 247
216 216 216 216 216 216 216 216 216 216 216 216 216 216 216 216 216 216 216 216 173 173 173 173 173 173 173 173 173 173 173 173 173 173 173 173 173 173 173 173 202 202 202 202 202 202 202 202 202 202 202 202 202 202 202 202 202 202 202 202 223 223 223 223 223 223 223 223 223 223 223 223 223 223 223 223 223 223 223 223 247 247 247 247 247 247 247 247 247 247 247 247 247 247 247 247 247 247 247 247
216 216 216 216 216 216 216 216 216 216 216 216 216 216 216 216 216 216 216 216 173 173 173 173 173 173 173 173 173 173 173 173 173 173 173 173 173 173 173 173 202 202 202 202 202 202 202 202 202 202 202 202 202 202 202 202 202 202 202 202 223 223 223 223 223 223 223 223 223 223 223 223 223 223 223 223 223 223 223 223 247 247 247 247 247 247 247 247 247 247 247 247 247 247 247 247 247 247 247 247
216 216 216 216 216 216 216 216 216 216 216 216 216 216 216 216 216 216 216 216 173 173 173 173 173 173 173 173 173 173 173 173 173 173 173 173 173 173 173 173 202 202 202 202 202 202 202 202 202 202 202 202 202 202 202 202 202 202 202 202 223 223 223 223 223 223 223 223 223 223 223 223 223 223 223 223 223 223 223 223 247 247 247 247 247 247 247 247 247 247 247 247 247 247 247 247 247 247 247 247
216 216 216 216 216 216 216 216 216 216 216 216 216 216 216 216 216 216 216 216 173 173 173 173 173 173 173 173 173 173 173 173 173 173 173 173 173 173 173 173 202 202 202 202 202 202 202 202 202 202 202 202 202 202 202 202 202 202 202 202 223 223 223 223 223 223 223 223 223 223 223 223 223 223 223 223 223 223 223 223 247 247 247 247 247 247 247 247 247 247 247 247 247 247 247 247 247 247 247 247
216 216 216 216 216 216 216 216 216 216 216 216 216 216 216 216 216 216 216 216 173 173 173 173 173 173 173 173 173 173 173 173 173 173 173 173 173 173 173 173 202 202 202 202 202 202 202 202 202 202 202 202 202 202 202 202 202 202 202 202 223 223 223 223 223 223 223 223 223 223 223 223 223 223 223 223 223 223 223 223 247 247 247 247 247 247 247 247 247 247 247 247 247 247 247 247 247 247 247 247
216 216 216 216 216 216 216 216 216 216 216 216 216 216 216 216 216 216 216 216 173 173 173 173 173 173 173 173 173 173 173 173 173 173 173 173 173 173 173 173 202 202 202 202 202 202 202 202 202 202 202 202 202 202 202 202 202 202 202 202 223 223 223 223 223 223 223 223 223 223 223 223 223 223 223 223 223 223 223 223 247 247 247 247 247 247 247 247 247 247 247 247 247 247 247 247 247 247 247 247
216 216 216 216 216 216 216 216 216 216 216 216 216 216 216 216 216 216 216 216 173 173 173 173 173 173 173 173 173 173 173 173 173 173 173 173 173 173 173 173 202 202 202 202 202 202 202 202 202 202 202 202 202 202 202 202 202 202 202 202 223 223 223 223 223 223 223 223 223 223 223 223 223 223 223 223 223 223 223 223 247 247 247 247 247 247 247 247 247 247 247 247 247 247 247 247 247 247 247 247
216 216 216 216 216 216 216 216 216 216 216 216 216 216 216 216 216 216 216 216 173 173 173 173 173 173 173 173 173 173 173 173 173 173 173 173 173 173 173 173 202 202 202 202 202 202 202 202 202 202 202 202 202 202 202 202 202 202 202 202 223 223 223 223 223 223 223 223 223 223 223 223 223 223 223 223 223 223 223 223 247 247 247 247 247 247 247 247 247 247 247 247 247 247 247 247 247 247 247 247
216 216 216 216 216 216 216 216 216 216 216 216 216 216 216 216 216 216 216 216 173 173 173 173 173 173 173 173 173 173 173 173 173 173 173 173 173 173 173 173 202 202 202 202 202 202 202 202 202 202 202 202 202 202 202 202 202 202 202 202 223 223 223 223 223 223 223 223 223 223 223 223 223 223 223 223 223 223 223 223 247 247 247 247 247 247 247 247 247 247 247 247 247 247 247 247 247 247 247 247
167 167 167 167 167 167 167 167 167 167 167 167 167 167 167 167 167 167 167 167 142 142 142 142 142 142 142 142 142 142 142 142 142 142 142 142 142 142 142 142 133 133 133 133 133 133 133 133 133 133 133 133 133 133 133 133 133 133 133 133 216 216 216 216 216 216 216 216 216 216 216 216 216 216 216 216 216 216 216 216 173 173 173 173 173 173 173 173 173 173 173 173 173 173 173 173 173 173 173 173
167 167 167 167 167 167 167 167 167 167 167 167 167 167 167 167 167 167 167 167 142 142 142 142 142 142 142 142 142 142 142 142 142 142 142 142 142 142 142 142 133 133 133 133 133 133 133 133 133 133 133 133 133 133 133 133 133 133 133 133 216 216 216 216 216 216 216 216 216 216 216 216 216 216 216 216 216 216 216 216 173 173 173 173 173 173 173 173 173 173 173 173 173 173 173 173 173 173 173 173
167 167 167 167 167 167 167 167 167 167 167 167 167 167 167 167 167 167 167 167 142 142 142 142 142 142 142 142 142 142 142 142 142 142 142 142 142 142 142 142 133 133 133 133 133 133 133 133 133 133 133 133 133 133 133 133 133 133 133 133 216 216 216 216 216 216 216 216 216 216 216 216 216 216 216 216 216 216 216 216 173 173 173 173 173 173 173 173 173 173 173 173 173 173 173 173 173 173 173 173
167 167 167 167 167 167 167 167 167 167 167 167 167 167 167 167 167 167 167 167 142 142 142 142 142 142 142 142 142 142 142 142 142 142 142 142 142 142 142 142 133 133 133 133 133 133 133 133 133 133 133 133 133 133 133 133 133 133 133 133 216 216 216 216 216 216 216 216 216 216 216 216 216 216 216 216 216 216 216 216 173 173 173 173 173 173 173 173 173 173 173 173 173 173 173 173 173 173 173 173
167 167 167 167 167 167 167 167 167 167 167 167 167 167 167 167 167 167 167 167 142 142 142 142 142 142 142 142 142 142 142 142 142 142 142 142 142 142 142 142 133 133 133 133 133 133 133 133 133 133 133 133 133 133 133 133 133 133 133 133 216 216 216 216 216 216 216 216 216 216 216 216 216 216 216 216 216 216 216 216 173 173 173 173 173 173 173 173 173 173 173 173 173 173 173 173 173 173 173 173
167 167 167 167 167 167 167 167 167 167 167 167 167 167 167 167 167 167 167 167 142 142 142 142 142 142 142 142 142 142 142 142 142 142 142 142 142 142 142 142 133 133 133 133 133 133 133 133 133 133 133 133 133 133 133 133 133 133 133 133 216 216 216 216 216 216 216 216 216 216 216 216 216 216 216 216 216 216 216 216 173 173 173 173 173 173 173 173 173 173 173 173 173 173 173 173 173 173 173 173
167 167 167 167 167 167 167 167 167 167 167 167 167 167 167 167 167 167 167 167 142 142 142 142 142 142 142 142 142 142 142 142 142 142 142 142 142 142 142 142 133 133 133 133 133 133 133 133 133 133 133 133 133 133 133 133 133 133 133 133 216 216 216 216 216 216 216 216 216 216 216 216 216 216 216 216 216 216 216 216 173 173 173 173 173 173 173 173 173 173 173 173 173 173 173 173 173 173 173 173
167 167 167 167 167 167 167 167 167 167 167 167 167 167 167 167 167 167 167 167 142 142 142 142 142 142 142 142 142 142 142 142 142 142 142 142 142 142 142 142 133 133 133 133 133 133 133 133 133 133 133 133 133 133 133 133 133 133 133 133 216 216 216 216 216 216 216 216 216 216 216 216 216 216 216 216 216 216 216 216 173 173 173 173 173 173 173 173 173 173 173 173 173 173 173 173 173 173 173 173
167 167 167 167 167 167 167 167 167 167 167 167 167 167 167 167 167 167 167 167 142 142 142 142 142 142 142 142 142 142 142 142 142 142 142 142 142 142 142 142 133 133 133 133 133 133 133 133 133 133 133 133 133 133 133 133 133 133 133 133 216 216 216 216 216 216 216 216 216 216 216 216 216 216 216 216 216 216 216 216 173 173 173 173 173 173 173 173 173 173 173 173 173 173 173 173 173 173 173 173
167 167 167 167 167 167 167 167 167 167 167 167 167 167 167 167 167 167 167 167 142 142 142 142 142 142 142 142 142 142 142 142 142 142 142 142 142 142 142 142 133 133 133 133 133 133 133 133 133 133 133 133 133 133 133 133 133 133 133 133 216 216 216 216 216 216 216 216 216 216 216 216 216 216 216 216 216 216 216 216 173 173 173 173 173 173 173 173 173 173 173 173 173 173 173 173 173 173 173 173
167 167 167 167 167 167 167 167 167 167 167 167 167 167 167 167 167 167 167 167 142 142 142 142 142 142 142 142 142 142 142 142 142 142 142 142 142 142 142 142 133 133 133 133 133 133 133 133 133 133 133 133 133 133 133 133 133 133 133 133 216 216 216 216 216 216 216 216 216 216 216 216 216 216 216 216 216 216 216 216 173 173 173 173 173 173 173 173 173 173 173 173 173 173 173 173 173 173 173 173
167 167 167 167 167 167 167 167 167 167 167 167 167 167 167 167 167 167 167 167 142 142 142 142 142 142 142 142 142 142 142 142 142 142 142 142 142 142 142 142 133 133 133 133 133 133 133 133 133 133 133 133 133 133 133 133 133 133 133 133 216 216 216 216 216 216 216 216 216 216 216 216 216 216 216 216 216 216 216 216 173 173 173 173 173 173 173 173 173 173 173 173 173 173 173 173 173 173 173 173
167 167 167 167 167 167 167 167 167 167 167 167 167 167 167 167 167 167 167 167 142 142 142 142 142 142 142 142 142 142 142 142 142 142 142 142 142 142 142 142 133 133 133 133 133 133 133 133 133 133 133 133 133 133 133 133 133 133 133 133 216 216 216 216 216 216 216 216 216 216 216 216 216 216 216 216 216 216 216 216 173 173 173 173 173 173 173 173 173 173 173 173 173 173 173 173 173 173 173 173
167 167 167 167 167 167 167 167 167 167 167 167 167 167 167 167 167 167 167 167 142 142 142 142 142 142 142 142 142 142 142 142 142 142 142 142 142 142 142 142 133 133 133 133 133 133 133 133 133 133 133 133 133 133 133 133 133 133 133 133 216 216 216 216 216 216 216 216 216 216 216 216 216 216 216 216 216 216 216 216 173 173 173 173 173 173 173 173 173 173 173 173 173 173 173 173 173 173 173 173
167 167 167 167 167 167 167 167 167 167 167 167 167 167 167 167 167 167 167 167 142 142 142 142 142 142 142 142 142 142 142 142 142 142 142 142 142 142 142 142 133 133 133 133 133 133 133 133 133 133 133 133 133 133 133 133 133 133 133 133 216 216 216 216 216 216 216 216 216 216 216 216 216 216 216 216 216 216 216 216 173 173 173 173 173 173 173 173 173 173 173 173 173 173 173 173 173 173 173 173
167 167 167 167 167 167 167 167 167 167 167 167 167 167 167 167 167 167 167 167 142 142 142 142 142 142 142 142 142 142 142 142 142 142 142 142 142 142 142 142 133 133 133 133 133 133 133 133 133 133 133 133 133 133 133 133 133 133 133 133 216 216 216 216 216 216 216 216 216 216 216 216 216 216 216 216 216 216 216 216 173 173 173 173 173 173 173 173 173 173 173 173 173 173 173 173 173 173 173 173
167 167 167 167 167 167 167 167 167 167 167 167 167 167 167 167 167 167 167 167 142 142 142 142 142 142 142 142 142 142 142 142 142 142 142 142 142 142 142 142 133 133 133 133 133 133 133 133 133 133 133 133 133 133 133 133 133 133 133 133 216 216 216 216 216 216 216 216 216 216 216 216 216 216 216 216 216 216 216 216 173 173 173 173 173 173 173 173 173 173 173 173 173 173 173 173 173 173 173 173
167 167 167 167 167 167 167 167 167 167 167 167 167 167 167 167 167 167 167 167 142 142 142 142 142 142 142 142 142 142 142 142 142 142 142 142 142 142 142 142 133 133 133 133 133 133 133 133 133 133 133 133 133 133 133 133 133 133 133 133 216 216 216 216 216 216 216 216 216 216 216 216 216 216 216 216 216 216 216 216 173 173 173 173 173 173 173 173 173 173 173 173 173 173 173 173 173 173 173 173
167 167 167 167 167 167 167 167 167 167 167 167 167 167 167 167 167 167 167 167 142 142 142 142 142 142 142 142 142 142 142 142 142 142 142 142 142 142 142 142 133 133 133 133 133 133 133 133 133 133 133 133 133 133 133 133 133 133 133 133 216 216 216 216 216 216 216 216 216 216 216 216 216 216 216 216 216 216 216 216 173 173 173 173 173 173 173 173 173 173 173 173 173 173 173 173 173 173 173 173
167 167 167 167 167 167 167 167 167 167 167 167 167 167 167 167 167 167 167 167 142 142 142 142 142 142 142 142 142 142 142 142 142 142 142 142 142 142 142 142 133 133 133 133 133 133 133 133 133 133 133 133 133 133 133 133 133 133 133 133 216 216 216 216 216 216 216 216 216 216 216 216 216 216 216 216 216 216 216 216 173 173 173 173 173 173 173 173 173 173 173 173 173 173 173 173 173 173 173 173
202 202 202 202 202 202 202 202 202 202 202 202 202 202 202 202 202 202 202 202 223 223 223 223 223 223 223 223 223 223 223 223 223 223 223 223 223 223 223 223 247 247 247 247 247 247 247 247 247 247 247 247 247 247 247 247 247 247 247 247 167 167 167 167 167 167 167 167 167 167 167 167 167 167 167 167 167 167 167 167 142 142 142 142 142 142 142 142 142 142 142 142 142 142 142 142 142 142 142 142
202 202 202 202 202 202 202 202 202 202 202 202 202 202 202 202 202 202 202 202 223 223 223 223 223 223 223 223 223 223 223 223 223 223 223 223 223 223 223 223 247 247 247 247 247 247 247 247 247 247 247 247 247 247 247 247 247 247 247 247 167 167 167 167 167 167 167 167 167 167 167 167 167 167 167 167 167 167 167 167 142 142 142 142 142 142 142 142 142 142 142 142 142 142 142 142 142 142 142 142
202 202 202 202 202 202 202 202 202 202 202 202 202 202 202 202 202 202 202 202 223 223 223 223 223 223 223 223 223 223 223 223 223 223 223 223 223 223 223 223 247 247 247 247 247 247 247 247 247 247 247 247 247 247 247 247 247 247 247 247 167 167 167 167 167 167 167 167 167 167 167 167 167 167 167 167 167 167 167 167 142 142 142 142 142 142 142 142 142 142 142 142 142 142 142 142 142 142 142 142
202 202 202 202 202 202 202 202 202 202 202 202 202 202 202 202 202 202 202 202 223 223 223 223 223 223 223 223 223 223 223 223 223 223 223 223 223 223 223 223 247 247 247 247 247 247 247 247 247 247 247 247 247 247 247 247 247 247 247 247 167 167 167 167 167 167 167 167 167 167 167 167 167 167 167 167 167 167 167 167 142 142 142 142 142 142 142 142 142 142 142 142 142 142 142 142 142 142 142 142
202 202 202 202 202 202 202 202 202 202 202 202 202 202 202 202 202 202 202 202 223 223 223 223 223 223 223 223 223 223 223 223 223 223 223 223 223 223 223 223 247 247 247 247 247 247 247 247 247 247 247 247 247 247 247 247 247 247 247 247 167 167 167 167 167 167 167 167 167 167 167 167 167 167 167 167 167 167 167 167 142 142 142 142 142 142 142 142 142 142 142 142 142 142 142 142 142 142 142 142
202 202 202 202 202 202 202 202 202 202 202 202 202 202 202 202 202 202 202 202 223 223 223 223 223 223 223 223 223 223 223 223 223 223 223 223 223 223 223 223 247 247 247 247 247 247 247 247 247 247 247 247 247 247 247 247 247 247 247 247 167 167 167 167 167 167 167 167 167 167 167 167 167 167 167 167 167 167 167 167 142 142 142 142 142 142 142 142 142 142 142 142 142 142 142 142 142 142 142 142
202 202 202 202 202 202 202 202 202 202 202 202 202 202 202 202 202 202 202 202 223 223 223 223 223 223 223 223 223 223 223 223 223 223 223 223 223 223 223 223 247 247 247 247 247 247 247 247 247 247 247 247 247 247 247 247 247 247 247 247 167 167 167 167 167 167 167 167 167 167 167 167 167 167 167 167 167 167 167 167 142 142 142 142 142 142 142 142 142 142 142 142 142 142 142 142 142 142 142 142
202 202 202 202 202 202 202 202 202 202 202 202 202 202 202 202 202 202 202 202 223 223 223 223 223 223 223 223 223 223 223 223 223 223 223 223 223 223 223 223 247 247 247 247 247 247 247 247 247 247 247 247 247 247 247 247 247 247 247 247 167 167 167 167 167 167 167 167 167 167 167 167 167 167 167 167 167 167 167 167 142 142 142 142 142 142 142 142 142 142 142 142 142 142 142 142 142 142 142 142
202 202 202 202 202 202 202 202 202 202 202 202 202 202 202 202 202 202 202 202 223 223 223 223 223 223 223 223 223 223 223 223 223 223 223 223 223 223 223 223 247 247 247 247 247 247 247 247 247 247 247 247 247 247 247 247 247 247 247 247 167 167 167 167 167 167 167 167 167 167 167 167 167 167 167 167 167 167 167 167 142 142 142 142 142 142 142 142 142 142 142 142 142 142 142 142 142 142 142 142
202 202 202 202 202 202 202 202 202 202 202 202 202 202 202 202 202 202 202 202 223 223 223 223 223 223 223 223 223 223 223 223 223 223 223 223 223 223 223 223 247 247 247 247 247 247 247 247 247 247 247 247 247 247 247 247 247 247 247 247 167 167 167 167 167 167 167 167 167 167 167 167 167 167 167 167 167 167 167 167 142 142 142 142 142 142 142 142 142 142 142 142 142 142 142 142 142 142 142 142
202 202 202 202 202 202 202 202 202 202 202 202 202 202 202 202 202 202 202 202 223 223 223 223 223 223 223 223 223 223 223 223 223 223 223 223 223 223 223 223 247 247 247 247 247 247 247 247 247 247 247 247 247 247 247 247 247 247 247 247 167 167 167 167 167 167 167 167 167 167 167 167 167 167 167 167 167 167 167 167 142 142 142 142 142 142 142 142 142 142 142 142 142 142 142 142 142 142 142 142
202 202 202 202 202 202 202 202 202 202 202 202 202 202 202 202 202 202 202 202 223 223 223 223 223 223 223 223 223 223 223 223 223 223 223 223 223 223 223 223 247 247 247 247 247 247 247 247 247 247 247 247 247 247 247 247 247 247 247 247 167 167 167 167 167 167 167 167 167 167 167 167 167 167 167 167 167 167 167 167 142 142 142 142 142 142 142 142 142 142 142 142 142 142 142 142 142 142 142 142
202 202 202 202 202 202 202 202 202 202 202 202 202 202 202 202 202 202 202 202 223 223 223 223 223 223 223 223 223 223 223 223 223 223 223 223 223 223 223 223 247 247 247 247 247 247 247 247 247 247 247 247 247 247 247 247 247 247 247 247 167 167 167 167 167 167 167 167 167 167 167 167 167 167 167 167 167 167 167 167 142 142 142 142 142 142 142 142 142 142 142 142 142 142 142 142 142 142 142 142
202 202 202 202 202 202 202 202 202 202 202 202 202 202 202 202 202 202 202 202 223 223 223 223 223 223 223 223 223 223 223 223 223 223 223 223 223 223 223 223 247 247 247 247 247 247 247 247 247 247 247 247 247 247 247 247 247 247 247 247 167 167 167 167 167 167 167 167 167 167 167 167 167 167 167 167 167 167 167 167 142 142 142 142 142 142 142 142 142 142 142 142 142 142 142 142 142 142 142 142
202 202 202 202 202 202 202 202 202 202 202 202 202 202 202 202 202 202 202 202 223 223 223 223 223 223 223 223 223 223 223 223 223 223 223 223 223 223 223 223 247 247 247 247 247 247 247 247 247 247 247 247 247 247 247 247 247 247 247 247 167 167 167 167 167 167 167 167 167 167 167 167 167 167 167 167 167 167 167 167 142 142 142 142 142 142 142 142 142 142 142 142 142 142 142 142 142 142 142 142
202 202 202 202 202 202 202 202 202 202 202 202 202 202 202 202 202 202 202 202 223 223 223 223 223 223 223 223 223 223 223 223 223 223 223 223 223 223 223 223 247 247 247 247 247 247 247 247 247 247 247 247 247 247 247 247 247 247 247 247 167 167 167 167 167 167 167 167 167 167 167 167 167 167 167 167 167 167 167 167 142 142 142 142 142 142 142 142 142 142 142 142 142 142 142 142 142 142 142 142
202 202 202 202 202 202 202 202 202 202 202 202 202 202 202 202 202 202 202 202 223 223 223 223 223 223 223 223 223 223 223 223 223 223 223 223 223 223 223 223 247 247 247 247 247 247 247 247 247 247 247 247 247 247 247 247 247 247 247 247 167 167 167 167 167 167 167 167 167 167 167 167 167 167 167 167 167 167 167 167 142 142 142 142 142 142 142 142 142 142 142 142 142 142 142 142 142 142 142 142
202 202 202 202 202 202 202 202 202 202 202 202 202 202 202 202 202 202 202 202 223 223 223 223 223 223 223 223 223 223 223 223 223 223 223 223 223 223 223 223 247 247 247 247 247 247 247 247 247 247 247 247 247 247 247 247 247 247 247 247 167 167 167 167 167 167 167 167 167 167 167 167 167 167 167 167 167 167 167 167 142 142 142 142 142 142 142 142 142 142 142 142 142 142 142 142 142 142 142 142
202 202 202 202 202 202 202 202 202 202 202 202 202 202 202 202 202 202 202 202 223 223 223 223 223 223 223 223 223 223 223 223 223 223 223 223 223 223 223 223 247 247 247 247 247 247 247 247 247 247 247 247 247 247 247 247 247 247 247 247 167 167 167 167 167 167 167 167 167 167 167 167 167 167 167 167 167 167 167 167 142 142 142 142 142 142 142 142 142 142 142 142 142 142 142 142 142 142 142 142
202 202 202 202 202 202 202 202 202 202 202 202 202 202 202 202 202 202 202 202 223 223 223 223 223 223 223 223 223 223 223 223 223 223 223 223 223 223 223 223 247 247 247 247 247 247 247 247 247 247 247 247 247 247 247 247 247 247 247 247 167 167 167 167 167 167 167 167 167 167 167 167 167 167 167 167 167 167 167 167 142 142 142 142 142 142 142 142 142 142 142 142 142 142 142 142 142 142 142 142
